51
50
53
52
55
54
57
56
59
58
61
60
63
62
65
64
67
66
69
68
71
70
73
72
75
74
77
76
79
78
81
80
83
82
85
84
87
86
89
88
91
90
93
92
95
94
97
96
99
98

100












































































































































































































































































































































































































































































